0 0.569921875 0.3162037037037037 0.013802083333333333 0.022222222222222223
0 0.567578125 0.33032407407407405 0.01015625 0.0412037037037037
0 0.5971354166666667 0.3173611111111111 0.030729166666666665 0.03935185185185185
0 0.6748697916666667 0.32939814814814816 0.03307291666666667 0.03194444444444444
0 0.6595052083333334 0.33773148148148147 0.02578125 0.04675925925925926
0 0.6311197916666667 0.34120370370370373 0.06276041666666667 0.07685185185185185
0 0.705078125 0.33125 0.040364583333333336 0.0412037037037037
0 0.7416666666666667 0.33935185185185185 0.0515625 0.049074074074074076
0 0.7971354166666667 0.34814814814814815 0.057291666666666664 0.04814814814814815
0 0.96328125 0.36226851851851855 0.07291666666666667 0.08842592592592592
0 0.8845052083333333 0.36064814814814816 0.11796875 0.09537037037037037
