0 0.217578125 0.569212962962963 0.04088541666666667 0.01712962962962963
0 0.32734375 0.5736111111111111 0.04791666666666667 0.03796296296296296
0 0.38203125 0.5710648148148149 0.05 0.04675925925925926
0 0.46875 0.5675925925925925 0.019791666666666666 0.020370370370370372
0 0.6173177083333333 0.5881944444444445 0.018489583333333334 0.031018518518518518
0 0.5822916666666667 0.5875 0.025 0.037037037037037035
0 0.5610677083333333 0.5724537037037037 0.01640625 0.031018518518518518
0 0.5518229166666667 0.580787037037037 0.013020833333333334 0.02638888888888889
0 0.5416666666666666 0.5821759259259259 0.024479166666666666 0.0412037037037037
0 0.5321614583333333 0.5844907407407407 0.018489583333333334 0.04583333333333333
0 0.5059895833333333 0.6222222222222222 0.07864583333333333 0.1259259259259259
0 0.677734375 0.6196759259259259 0.05182291666666667 0.060648148148148145
0 0.7994791666666666 0.7150462962962963 0.23854166666666668 0.2810185185185185
